pooled cell (row,col) : fatal-dir share | mean fatal-vs-safe diff share | effect-energy share
  (0,0)  0.010  0.028  0.075
  (0,1)  0.010  0.029  0.073
  (0,2)  0.011  0.027  0.073
  (0,3)  0.013  0.026  0.072
  (1,0)  0.026  0.033  0.077
  (1,1)  0.016  0.039  0.071
  (1,2)  0.012  0.033  0.071
  (1,3)  0.015  0.029  0.074
  (2,0)  0.043  0.031  0.078
  (2,1)  0.014  0.027  0.076
  (2,2)  0.010  0.031  0.075
  (2,3)  0.011  0.027  0.074
  (3,0)  0.663  0.595  0.030
  (3,1)  0.078  0.014  0.028
  (3,2)  0.016  0.015  0.028
  (3,3)  0.050  0.017  0.026
fraction of the mean fatal-vs-safe grid difference kept by PCA-192: 0.7984
